100015
100061
100070
100139
100159
100160
100165
100170
100213
100235
100261
100264
100376
100390
100391
100396
1004
100431
100439
100450
100461
100465
100472
100486
100517
100518
100542
100543
100631
100633
100664
100670
100684
10079
100791
100856
100990
100991
101
101033
101034
101035
101060
101115
101168
101269
101291
101313
101314
101328
101329
10134
10135
101357
101372
101376
101380
101387
101389
101392
101394
101395
101396
101403
101414
101415
101434
101449
101455
101466
101470
101513
101558
101636
101641
101652
101677
101693
101749
10176
101770
101787
101797
101806
101817
101858
101867
101875
101889
101897
101902
101920
101968
102030
102052
102086
102105
102136
10220
102231
102288
102292
102351
102400
102440
102445
102522
102587
102589
102607
10266
102661
102666
102700
102736
102740
102751
102756
102768
102787
10279
102817
102820
102823
102824
102826
10283
102831
102834
102873
102885
102896
102901
102941
102948
102983
103004
10301
103048
10314
103161
103165
103198
103213
103222
103244
10327
103273
103279
103291
103299
103318
103319
103325
103334
10343
103430
103439
103444
103452
103458
103474
103503
103508
10354
103561
103649
10366
103660
103675
103676
103680
103713
103715
103722
103738
103759
103778
103795
103892
1039
103910
10392
103936
103946
103952
103953
103954
10396
103967
103969
103970
103985
104037
104041
104043
104046
104050
104058
104060
104064
104066
104085
104094
104125
104126
104129
104144
10426
104261
104313
104344
104351
104356
104398
104400
104403
104428
104455
104464
104468
104493
104497
104503
104507
104547
104558
104576
104577
104580
104584
104593
104622
104626
104639
104649
104650
104652
104661
104668
104714
104715
104730
10480
104800
104817
104835
104836
104837
104838
10484
104845
104848
104849
104873
104875
104897
104899
10491
104931
104957
104961
104963
105010
105062
10507
105075
105087
10512
105130
105142
105146
105166
105204
105239
105268
105292
105307
105346
10536
105370
105391
105395
10540
105409
105413
10545
105455
105465
10550
105505
105511
105534
105561
105562
105567
105603
10562
105632
105647
105654
105656
105675
105695
105697
105703
105721
105723
105736
105776
105778
105855
105881
105884
105904
105908
105937
105960
105984
10600
106002
106008
106083
106089
106116
106121
106136
106139
106143
106185
106188
106191
106195
106200
106205
106208
106212
106215
106217
106219
106242
106258
106263
106276
106286
106293
106301
106304
106307
106331
106334
106340
106354
106371
106394
106410
106428
106460
106491
106499
106509
106536
106549
106551
10656
106595
106621
106642
106652
106720
106730
106735
106740
106764
106903
106912
106922
106953
106954
107016
107027
107056
107058
107066
107068
107069
107070
107071
107072
107077
107090
107210
107211
107212
107226
107231
107246
107257
107270
107390
107398
107430
107466
107486
107505
107530
107572
107611
107615
107623
107627
107644
107658
107659
107675
107692
107694
107738
107745
107793
10782
107823
107883
107888
107891
107892
107913
107934
107967
107981
107985
108009
108059
108070
108117
108118
108132
108164
108198
108227
108234
108254
108284
108317
108334
108337
108342
108347
10836
108360
108397
108400
108424
108436
108450
108481
108487
108490
108523
108556
108559
108580
108582
108588
108590
108594
108600
108618
108624
108632
108638
108673
108679
108704
108707
108749
108751
10876
108793
108841
108853
108866
108872
108926
108928
108946
108974
108975
109015
109071
109073
109134
109136
109144
109147
109158
109164
109169
109182
109191
109202
109206
109214
109224
109226
109233
109239
109241
109254
109256
109261
109266
109267
109272
109297
109356
109377
10938
109420
109434
109435
109436
109487
109491
109506
109509
109513
109582
109623
109647
109655
109657
109674
109705
109746
109758
109787
109799
109851
109867
109868
109869
109920
109921
109966
110031
110114
110121
110125
110340
110351
110386
110423
110469
11054
110554
110569
11060
110695
11070
110759
110864
110876
110888
110889
111014
111052
111062
111078
11111
111113
111124
111207
111208
111213
111223
111246
111247
111249
111298
1113
11135
11136
111383
11156
111574
111579
111615
111636
111641
111687
111694
111726
11174
111745
111750
111770
11179
11185
111862
111869
111873
11193
111946
111955
111956
111962
111965
111980
111984
111987
11199
11200
112004
112012
112024
112046
112098
112102
112121
112122
112123
112125
112131
112135
112136
11219
112193
112198
112202
112209
112212
112213
112244
112248
112249
112252
112268
11230
11233
11234
112389
112391
112397
112449
112493
112517
112591
112598
112688
112691
112772
11281
112855
112857
11286
112861
11289
112913
11292
11297
11298
112981
11307
113101
113125
11313
113175
113178
11318
11325
11328
113361
113371
113375
113388
113418
113455
11346
113484
113486
113487
113488
113491
113506
11362
113738
113739
113740
113742
113791
113832
113855
113858
113865
113879
113905
113953
114022
114029
11403
114033
114047
11407
114100
11411
114110
114130
114204
114210
11425
114305
114332
11435
114352
114376
114377
114382
11443
114436
11444
114537
11459
114594
114598
114670
114679
11468
11469
114749
114781
11480
114842
114850
114855
114891
114930
114940
114941
114993
115009
115015
115016
115034
115039
115077
115094
115125
115134
115151
11517
115199
11521
115318
11533
115336
115355
115358
115396
11542
115449
115450
115476
115534
115537
115547
115548
115550
115551
115555
11556
11557
115573
11560
115606
11561
115619
115657
11571
115711
115723
115740
115743
115758
115793
115809
115898
115909
115912
115926
115927
115958
115965
116000
116015
116018
11603
116075
11609
116091
11613
116150
116180
116181
11619
1162
116217
116223
116231
116237
116351
116355
116365
11638
116448
116499
11650
116517
116539
116562
116571
116591
1166
116612
116627
116634
116651
11667
116703
116744
116747
11678
116795
116843
116875
116884
11690
11692
116959
11697
116977
116979
116980
117002
117003
117069
117086
117093
117099
117101
117104
117128
117157
117165
117169
117189
117190
117195
117196
11720
117200
117213
117218
117248
117277
117328
117346
117382
117383
117393
117408
117435
117489
117490
117491
11758
11761
117662
117677
117679
11769
11771
117761
1178
117809
117819
117839
11790
117923
117945
117946
117975
118019
11809
118105
118110
118136
118188
11820
118210
118239
118243
118245
118246
118272
118274
118283
118286
11830
118303
118329
118370
118374
11838
11839
118417
118420
118428
11846
118487
118489
118492
118509
11852
118520
118555
118561
118573
118577
118582
118620
118648
118652
118675
118688
11875
118773
118775
11878
118783
118784
118785
118789
118791
11881
118867
118869
118923
118960
118966
118990
119022
119028
119029
119043
119045
119047
119057
119058
119059
119073
119076
119106
11919
119222
11924
119258
119338
119403
119404
119406
119418
119442
11945
11948
119527
119553
119619
119650
119694
119710
119720
119732
119733
11977
1198
119814
11987
119885
119901
119915
119918
119930
119942
119956
119986
12000
12001
120014
120015
12003
120030
120031
120076
120077
12008
120098
120123
120149
120156
120166
120175
12018
12019
120191
120196
120197
120198
120200
120201
120253
120282
120291
120294
12037
120378
120394
120423
120451
12048
120482
120534
120553
120641
120650
120717
12072
120746
120751
120771
120781
120806
120849
120878
120881
120882
1210
12100
121090
121133
121194
121200
121217
121302
121305
121321
121328
121340
12144
121533
121606
12171
121710
121834
121982
122004
122013
12204
122172
122228
12226
122401
122407
122470
122473
122488
122492
122535
122536
122545
122555
122582
122770
122780
122783
122831
122851
122857
122863
122869
12289
122902
122904
122906
122907
122910
122940
122956
122977
122994
123011
123036
123046
123050
123052
123054
123058
123059
123085
123132
123133
123145
123163
12322
123241
123286
123287
123301
123306
123308
123309
123315
123317
123318
123324
123334
123374
123424
12344
123453
123474
123478
123494
123495
123510
123516
123523
123532
123538
123573
123574
123581
123594
123608
123636
123637
123716
12372
123727
123733
123742
123749
123792
123810
123812
123831
123845
12385
123850
123856
123861
123878
123909
123913
123931
123934
123937
123944
123953
123977
123984
124
124012
124018
124034
12404
124047
124056
124057
124119
124127
124131
124154
124155
124184
124185
124187
124189
124225
124229
124232
124237
124238
12424
124253
12429
124323
12435
124375
124377
124385
124426
124427
124450
124462
124475
124483
124487
124488
124492
124515
124537
124599
124600
124603
124640
124643
124645
124669
124674
124701
124704
12473
124759
12476
124760
12477
12484
124863
124876
124880
12491
124968
124969
125012
125046
125108
125138
125153
12518
125260
125276
125307
125333
125345
125358
125399
125400
125417
125437
125471
125473
125491
125509
125510
125512
125513
125518
125524
125528
125564
125578
125648
125649
125681
125685
125703
125759
125765
125780
125791
125796
125815
125850
125852
125858
12586
125870
125878
125888
125898
125921
125923
125925
125926
125929
125931
125937
125946
125956
125964
12597
125980
126005
126023
126025
126029
126037
126053
126054
126060
126072
126074
126079
126146
126155
126158
12619
126190
126260
126267
126268
126271
126285
126286
126297
126314
126326
126328
126340
126352
126359
126373
126427
126434
126447
126467
126469
12649
126528
126532
126582
126591
126609
126627
126633
126638
126650
126654
126669
126673
126674
126694
126711
126714
126746
126747
126755
126757
126762
126766
126768
126776
126777
126785
126788
126800
126802
126806
126807
126829
126834
12685
126865
126868
126875
126887
126888
126893
126917
12693
126942
126956
126969
127026
12705
127080
127082
127117
127129
127179
127319
127353
127354
127369
127386
127387
127394
127400
127435
127445
127468
12750
127506
127517
12755
127569
127576
127592
127596
127620
127625
127632
127656
127671
127677
127680
12769
12771
127716
127732
127744
127749
127751
127769
127785
127788
12780
127824
127835
127851
127854
127855
127870
127885
127894
127899
127910
127915
12793
127972
127975
127977
127979
12798
127993
127994
127999
128000
128005
128028
128030
128052
128054
128055
128076
128083
128117
128152
12816
128165
128167
128173
128180
128181
128189
128224
128225
128245
128247
128248
128295
128296
128304
128324
12833
128341
128347
128351
128372
128373
128377
128383
128385
128391
128410
128411
128425
128435
12845
128461
128465
128481
128485
128494
128511
128521
128535
128573
128599
128627
128631
128633
128646
128653
128654
128655
128662
128665
128666
128667
128672
128673
128677
128678
128684
128692
128693
128762
128766
128772
128773
128792
1288
128805
12882
128828
128830
12884
128849
128867
128878
12891
128913
12892
12893
128957
128975
128983
129007
129015
129032
129058
129060
129095
129141
129144
12915
129165
129185
129196
129208
12921
129222
129228
12923
129239
129244
129283
129291
129311
129401
129403
129409
129425
129428
129438
129454
129472
129551
129588
129650
129688
12971
12974
129755
129787
129789
129806
129868
129870
129872
129885
129898
129919
129938
129971
130020
130032
130037
130039
130043
130048
130070
130089
130110
130215
130218
130241
130242
130255
130267
13027
130274
130279
130281
130290
130292
130314
130330
130344
13036
130405
13041
130418
130421
130453
130456
130520
130530
130552
130556
130602
130604
130609
130613
130617
130648
130651
130675
130697
13070
130704
130762
130822
13084
13085
130851
130855
130864
130889
130896
130901
130925
13098
131042
131044
131136
131141
131144
131161
131164
131192
131204
13125
131259
131261
131262
131306
131318
131328
13135
131350
131357
131445
131454
131495
131503
131505
131506
131546
131582
131588
131596
131610
131623
131627
131641
131647
131654
131656
131686
13173
13175
131756
131764
131766
131768
13184
131860
131883
13192
131925
131949
131961
131966
131974
131977
13198
132015
132018
132021
132057
132066
132078
132082
132099
132100
132108
132147
132158
132169
13220
132221
132227
13223
132238
132251
132274
132308
132310
132327
132335
132341
132342
13235
132365
132370
132381
132386
132400
132405
132414
132431
132455
132457
13248
132481
132494
132501
132513
132515
132523
132555
132562
132566
132581
132583
132584
132613
132634
132672
132683
1327
132733
132778
132784
132827
13284
132850
132859
132900
132901
132931
13295
133027
133041
133056
133075
13308
133086
133100
133101
133142
133160
133166
133167
13317
133201
133219
133221
13323
133232
133240
133241
133244
133256
133287
133288
133291
133309
13331
133357
133388
133389
13339
133391
13340
133414
133417
133464
13347
13349
133490
133491
133511
133517
133518
133524
133539
13356
13359
133603
13361
13363
133636
133638
13365
133660
13368
133693
133698
133702
13372
133732
133746
133759
13376
133761
133770
13379
133812
133858
13386
1339
133904
133920
133923
13394
133950
133965
13397
133974
133988
133990
13400
134054
134065
134095
134099
134121
13415
134156
134165
134167
13417
134170
134183
13420
134206
134215
134216
13422
13424
134272
134283
134292
134297
134300
134310
134333
134338
134339
134344
134352
134356
134378
134395
134408
134413
134424
134461
134465
13450
134518
13453
134559
134564
134568
134591
134592
134597
1346
13460
13463
134633
13464
134647
134652
134659
134664
134668
13467
134677
134679
134689
134692
134693
13471
134720
134725
134733
134734
134736
134777
134779
134789
134791
134797
134810
134821
134836
134847
134848
134874
134877
134884
134895
134930
134934
134940
134943
134970
134980
134983
134985
134990
135003
135023
135049
135051
135123
135127
135132
135138
13515
135150
13516
135184
135186
135232
135233
135247
135259
135266
13528
135294
135296
135297
135319
135327
135371
135395
135399
135402
135477
135492
13553
135531
135540
135558
135560
135573
135576
135645
135659
135661
135690
135701
135739
135770
135781
135795
135809
135945
135964
135966
135967
135969
135970
135983
136025
136038
136057
136060
136065
136069
136088
136119
136121
136218
136226
136229
136256
136317
1364
136409
136419
136442
136488
136528
136550
136582
136583
136593
136595
136604
136631
136633
136640
136641
136642
136666
136667
136668
136684
136687
136692
136759
136770
136792
136885
136917
136923
136972
137
13700
137021
137039
137087
137110
137156
137193
137215
137256
137258
137267
137269
137270
137280
137324
137338
137373
137444
137448
137461
137472
137513
137518
137535
137547
137572
137585
137590
137616
137617
137626
13763
137663
137678
137711
137745
137749
137795
137801
137819
137833
137838
137858
138052
138064
138098
138100
138130
138216
138223
138224
138229
138232
138234
138332
138371
13845
138532
138543
138605
138606
138637
138679
138684
138720
138724
138730
138754
138758
138762
138785
138788
138807
138839
13885
138860
138864
138867
138880
138906
138910
138911
138912
138914
138915
138919
138920
138929
138931
138932
138935
138939
138947
138955
138977
13898
139018
13902
139056
139062
139079
139095
139102
139122
139123
139165
139166
139219
139238
139240
139244
139245
139246
139249
139256
139261
139266
139281
139321
139325
139333
139342
139369
139383
139387
139390
139403
139410
139482
139513
139556
139600
139649
139822
139824
139953
139965
140009
140016
140028
140031
140049
140067
140095
140120
140125
140126
140136
140140
140145
140186
140187
140197
140198
140200
140201
140285
140297
140303
140318
140319
140327
140334
140347
140400
140411
140420
140448
140453
140465
140540
140545
140547
140561
140567
140581
140610
140644
140645
140647
140673
140677
140680
140684
140686
140687
140695
140696
140699
140700
140701
140704
140705
140728
140732
140735
140737
140738
140766
140773
140805
140867
140875
140899
1409
140907
140927
14093
140934
140937
140991
140999
1410
141008
141015
141021
141033
141106
141111
141115
141132
141140
141143
141180
141190
141241
141262
141284
141325
14133
141353
141361
141374
141406
141410
141412
141414
141447
141455
141471
141472
141474
141479
141483
141516
141555
141568
141569
141591
141598
141605
141610
141631
141656
141660
141664
141668
141682
141690
141694
141699
141707
141715
141716
141717
141718
141721
141727
141728
141738
141741
141743
141747
141769
141771
141772
141774
141786
14179
141791
141797
14181
141811
141820
141825
141841
141842
141857
141883
141892
141893
141894
141903
141904
141905
141906
141907
141909
141914
141919
141941
141959
141975
142005
142009
142011
142012
142037
142055
142071
142102
142108
142115
142131
142133
142137
142152
142185
142208
142232
142233
142235
142237
142250
142258
142272
142274
142301
142305
142318
142339
142344
142364
1424
142405
142406
142426
142438
142439
142454
142457
142469
142478
142486
142509
142520
142527
142529
142537
142541
142546
142560
142582
142588
142598
142625
142635
142638
142642
142643
142644
142647
142656
142658
142669
142699
1427
142716
142718
142738
142742
142758
142765
142774
142775
142786
142789
142794
142797
142817
14282
142848
142887
142894
142916
142947
142948
142989
14299
143021
143024
14303
143056
143073
143078
143191
143192
143196
143198
143199
143208
143216
143253
143262
1433
143318
143325
143422
143425
143447
143454
143495
143497
143505
143513
143532
143551
143553
143607
143609
143618
143630
143648
143657
143691
143721
143722
143723
143725
143733
143734
143735
143745
143747
143749
143757
143772
143774
143776
143815
143816
143817
143818
143819
143826
143828
143847
143856
143866
143868
143904
143913
143917
143931
143962
143983
144000
144039
144042
144054
144110
144140
144145
144166
144167
144170
144177
144178
144179
144183
144189
144221
144226
144234
144237
144275
144287
144294
144301
144320
144327
144346
144363
144374
144375
144392
144408
144420
144426
144428
144436
144439
144440
144467
144473
14449
144491
144498
1445
144500
144513
144522
144524
144528
144531
144541
144604
144627
144643
144680
144682
144683
144691
144702
144704
144722
144740
144785
144818
144859
144862
144868
144869
144905
144961
144973
144985
145016
145020
145025
145081
145082
145085
145086
145108
145114
145154
145174
145183
145185
145203
14521
145247
145275
145284
145315
14532
145322
145341
145348
145349
14535
14536
145367
145398
145412
145474
145475
145486
145488
145523
145537
145544
145568
145569
145612
145651
145707
145717
145732
145745
145763
145766
145770
145776
145777
145779
145789
145827
145834
145836
145839
145845
1459
145947
14597
145991
146014
146035
146048
146158
146174
146176
146191
146205
146220
146246
146249
146290
1463
146319
146327
146330
146332
146335
146345
146373
146384
146395
146403
146431
146464
14651
14652
146532
146546
146552
146553
146578
146579
146593
146599
146617
146660
146714
146729
146769
146777
146796
146821
146838
146839
14684
146870
146887
146895
146896
146928
146932
146987
146994
147
147030
147048
147073
147082
147105
147106
147110
147116
147132
147199
147203
147254
147338
147342
147346
147349
147364
147367
147388
147389
147393
147394
147401
147428
14747
147618
14763
147653
147660
147664
147686
147693
147694
147700
147706
147712
147722
147827
147888
147898
147936
147937
147938
147939
147941
147942
147978
148004
148005
148023
148027
148059
148067
148123
148149
148152
148183
148226
148259
148271
14830
148302
14831
14836
148368
148387
148414
148428
148437
148438
148450
148493
148498
148520
148532
148536
148548
148573
148580
148588
148593
148599
14865
148653
148658
148659
148662
148710
148715
14872
148725
148762
148763
148778
148788
148792
148805
148810
148813
14891
148932
148943
148954
148968
148971
14898
148995
148997
149000
14901
149055
149063
149065
149067
14907
149092
149100
149101
149153
149167
149193
149222
149223
149259
14926
149262
149302
149333
149420
149462
149500
149516
149520
149526
149556
149560
149561
149563
149576
149641
149643
149646
149652
149696
149774
149820
149828
149842
149844
149848
149858
14991
149910
149974
149992
149995
150008
150011
150012
150052
150062
150064
150066
150067
150070
150072
150073
150103
150104
150108
150116
150118
150127
150128
150129
150160
150169
150173
150175
150178
150186
150197
150207
15022
150240
150259
15028
150287
15029
150290
150297
15030
150301
150305
150315
150324
150334
150336
150353
150357
150379
150380
150429
150438
150453
150486
150513
150554
150572
150604
150616
150618
150624
150669
150723
150724
150725
150731
150733
150735
150750
150768
150780
150781
150815
150823
150883
150914
150931
150946
150947
150948
150979
150993
150996
151119
151129
151134
151210
151223
151224
151228
151233
151237
151238
151244
151248
151255
151256
15127
151278
151284
151293
151296
151312
151314
151334
15134
151367
151368
151388
151404
151437
151463
151494
151508
151509
151525
151531
151533
151537
151540
151548
151552
151562
151579
151609
151614
151624
151628
151635
151636
151638
151641
151645
151646
151653
151669
151688
151691
151703
151711
151719
151742
151749
151755
151757
151761
151771
151777
151788
151809
151818
151834
151836
151846
151873
151933
151965
15198
151984
152012
152014
152031
152066
152069
152077
152084
152089
152097
152103
152125
152191
152193
152217
152266
152273
152284
152306
152309
152323
152332
152335
152336
152341
152353
152356
152357
152368
152370
152379
152424
152463
152508
152509
152592
15264
152651
152659
152670
152679
152703
152764
152765
152786
152787
152788
152789
152795
152838
152925
152968
153003
153004
153080
153141
153234
153243
153244
153255
153280
153347
153355
15345
153455
153527
153551
153554
15359
153590
153598
153606
15362
153621
153642
153643
153651
153682
153719
153732
153787
153790
153805
153823
153857
153860
153872
153914
153947
153955
153959
153968
153969
153986
154001
154002
154018
154023
154071
154088
154132
154148
154153
154155
154167
154174
154177
154181
154266
154267
154268
154270
154271
154272
154276
154278
154280
154290
154291
154292
154295
154297
154302
154322
154324
154430
154435
154481
154508
154523
154547
154579
154580
154588
154590
15463
154648
154657
154663
154668
154671
154674
154679
154708
154710
154719
154732
154733
154741
154742
154743
154767
154771
154796
154797
154848
154866
154867
154872
154901
154914
154937
154939
155
155012
155026
155028
155096
155098
155113
155114
155118
155123
155135
155145
155196
155204
155206
155207
15522
155260
155261
155330
155333
155335
155336
155340
155382
155420
155451
155458
155459
155505
155509
155514
155515
155518
155567
15561
155615
155658
155697
155700
155713
155714
155734
155745
1558
155854
155855
155870
155885
155887
155921
155923
155948
155968
155970
155977
155980
155983
1560
156010
156056
156059
156109
156147
156150
156160
156163
15620
15621
15622
15623
156245
156260
156277
156294
156360
156373
156392
156402
156420
156422
15644
156485
156488
156489
156491
156499
156518
156530
156539
156556
156573
156576
156589
15663
15664
156686
156747
156750
15677
156805
156810
156845
156848
156884
1569
15690
156914
156917
156935
156968
157032
157042
157048
157051
157072
15710
157119
157130
157134
157137
157174
157196
157199
157211
157265
157280
157291
15730
157327
157343
157357
157360
157381
157397
157409
157410
15742
157450
157452
157466
157468
15748
157483
157529
157538
157539
157542
157565
157567
157583
157593
157619
157620
15763
157653
157658
157686
157709
157727
157733
157829
157852
157860
157889
157893
15790
157905
157917
157923
157925
157926
157987
157991
157994
157999
158
158013
158029
158042
158057
158114
158120
158124
158131
158143
158149
158155
158172
158173
158177
158186
158197
158229
158233
158244
158257
158271
158297
158329
158331
158352
158364
158386
15844
158449
158477
158496
1585
158527
158540
15857
15859
158609
158610
158629
15863
158658
158683
158708
158709
158727
15876
158773
15879
15880
158800
158811
158836
158962
158967
158973
158995
159002
159008
159009
159048
159069
159135
159161
15919
159206
159257
159277
159285
15935
159354
159360
159364
159400
159409
159443
159450
159505
159527
159616
159617
159644
159649
159663
159672
159681
159741
159755
15976
159790
15980
159803
159816
159861
159913
159926
159927
159951
159957
159974
1600
160006
160012
160069
160098
160101
160104
160115
160127
160128
160129
160208
160209
160210
160230
160233
160254
160260
16027
160278
160280
16030
160300
160314
160316
160330
160343
160345
160348
160349
160350
160385
160388
160390
160391
160393
160395
160397
160423
160431
160446
160460
160462
160469
160480
160499
160553
160555
160577
160591
160595
160596
160618
160640
160662
160680
160682
160685
16070
160726
160773
160777
160779
16079
160812
160822
160855
160856
160866
160877
160930
160955
160962
160970
160997
161031
161060
161091
1611
161126
161139
161205
161208
161231
161293
161312
16133
161342
161351
161381
161389
161406
161410
161424
161428
161429
161438
161449
161456
161482
161501
161511
161541
161663
161684
161686
161689
161700
161725
161734
161761
161777
161793
16180
161850
161879
161901
161904
161920
161921
161922
161926
161927
161935
161940
161945
161952
161954
161955
161956
16196
161964
161972
161983
161998
161999
16201
162014
162046
162062
162074
162079
162087
162112
162119
162125
162126
162160
162165
162166
162177
162197
162198
162225
162226
16223
162231
162233
162283
162286
162312
162322
162325
162349
162354
162366
162370
162376
162379
162384
162390
162402
162408
162420
162421
162422
162434
162515
162516
162517
162533
162537
162550
162556
162567
162579
162591
162596
1626
162610
162614
162621
162652
162691
162706
162708
162712
162724
162726
162730
162733
162739
162776
162792
1628
162827
16283
162830
162831
162837
162862
162907
162913
162941
162943
162958
162961
162962
162966
162967
162981
163002
163043
163052
163074
163078
163079
163085
163114
163129
163130
163132
163133
163134
163135
163136
163137
163140
163141
163144
163145
163148
163150
163151
163165
163193
163210
163211
163223
163229
163256
16326
163263
163331
163333
163364
163374
163434
163438
163456
163463
163464
163465
163466
163513
163522
163534
163539
163545
163552
163554
163573
163578
163588
163607
163615
163627
163642
163670
163674
163675
163679
163692
163703
163704
163707
163713
163714
163716
163729
163741
163771
163841
163842
163893
163896
163903
163926
163927
163956
163957
163962
163964
163966
163967
163989
16399
16400
164002
16403
164041
164064
164088
164114
164147
164162
164187
164191
164212
164224
164225
164234
164276
164294
16431
164374
164379
164390
164391
164392
164393
164429
164434
164436
164441
164442
164467
164472
164486
164502
164505
164544
164570
164571
164580
164581
164582
164583
164598
164602
164617
164619
164621
164643
164648
164666
16467
164679
164686
164691
164695
164702
164713
164714
164722
164747
164750
164763
164771
164773
164815
164832
164903
164904
16491
164923
164934
164950
1650
165000
165002
165004
165017
16505
165071
165083
165088
165106
165110
165117
165128
165131
165190
165210
165221
16529
165306
165356
165372
165415
16546
16549
165503
165607
165621
165652
165655
165714
165717
165727
165737
165761
165764
165810
165811
165812
165850
165911
165946
165985
165988
166060
166063
166065
166071
166094
166153
166189
166191
166261
16627
166279
16629
166319
166321
166322
166343
166348
166380
1664
166405
166408
166417
166451
166487
166490
166543
166565
166575
166633
166643
166657
166659
166666
166668
166674
166680
166681
166694
1667
166776
166810
166826
166827
166898
166906
166908
166915
166921
166926
166934
166937
166949
166954
166960
166963
166997
167005
167008
167030
16704
167067
167071
167097
167117
167128
167146
167163
167164
167181
167182
167223
167245
16725
167279
167302
167321
167349
167356
167368
167375
167393
167404
167419
167429
167430
167442
16745
167483
167488
167492
167495
167497
167532
167534
167553
167554
167579
167584
167587
167590
167593
167602
167606
167613
167628
167664
16768
167684
167685
167694
167742
167751
167752
167753
167757
167766
167794
167802
167828
167866
167867
167878
167879
167881
167898
16793
167964
167975
167984
167989
167990
167993
167994
168
16801
168039
168042
168077
168080
168085
168087
168104
168113
168116
168126
168130
168137
168159
168177
168178
168190
168191
168207
168231
168234
168238
168241
168242
168277
168287
168372
168383
168402
168405
168407
168413
168420
168457
168474
168503
168513
168533
168555
168575
168590
168608
168644
168671
168672
168673
168728
168736
168741
168767
168781
168875
168878
168886
168888
168924
168927
168969
168995
169035
169042
169043
169060
169083
169114
169115
169128
16913
169131
169139
169149
169167
169168
169190
169220
169235
169296
169319
169349
169357
169361
169367
169368
169373
169397
16940
169429
169439
169445
16947
169476
169491
169504
16951
169526
169536
169561
169563
1696
169605
169609
169616
169618
169631
169641
169645
169647
169651
169667
16968
169686
169688
169697
16970
169716
169742
169759
169764
169835
16984
16985
169869
169873
169874
16988
169889
16989
169898
169901
169919
169936
169950
169954
169989
170046
170047
170061
170064
170065
170079
170096
170121
170125
170146
170155
170158
170160
170170
170173
170184
170191
170203
170218
17022
170221
170237
170244
170247
170248
170273
170285
170287
170298
170327
170338
170340
170347
170375
170379
170393
170401
170410
170425
170439
170452
170471
170472
170474
170481
170540
170554
17057
170571
170589
170601
17061
170674
170700
170728
170744
170745
170758
170762
170770
170779
170839
17084
170862
170876
170880
170883
170899
170906
170933
170947
170983
170995
171018
171024
171026
171076
171089
171096
17110
171101
171120
171145
171158
171163
171169
171177
17118
171254
171274
171275
171295
171300
171316
171354
171362
171397
171442
171463
171483
171506
171511
171519
171548
171550
171556
171571
171590
171592
171610
171620
171631
171636
171646
171647
171650
171656
171675
171726
171739
171771
171820
171848
171866
171872
171885
171887
171901
171920
171936
171964
172004
172009
172016
17202
17203
172082
172101
172123
172124
172176
172177
172203
172284
172328
172379
172462
172469
172479
17251
172511
172513
172514
172558
172573
172579
172588
172591
17265
172668
172678
172688
172693
172700
172711
172722
17274
172745
17275
172768
172796
1728
172802
172813
172820
172842
172869
172880
172892
172922
172926
172942
172963
172966
17297
172987
173001
173010
173033
173044
173080
173083
173085
173086
173092
173102
173107
173116
173119
173173
173175
173190
173207
173210
173247
173315
173321
173323
173325
173349
173365
173373
173388
173391
173395
173444
173461
17350
17352
173566
173567
173570
173592
173608
173609
173657
173673
173675
17369
173705
173708
173709
173717
17372
173731
173739
173740
173778
173794
173796
173847
173848
17388
173895
173970
174030
174049
17405
174050
174051
17407
174086
174093
174129
174143
174161
174167
174175
174181
174184
174187
174204
174210
174215
174224
174228
174237
174252
174253
174256
174261
174288
174321
174330
174336
174349
174350
174356
174362
174364
174373
174380
174394
174395
17440
174415
174442
174475
174476
174480
174485
174534
174563
17461
174684
174696
174699
174733
174747
174751
174769
174793
174805
174820
174861
174872
174932
174938
174955
174964
174967
174981
174983
174986
174995
174998
175009
175015
175017
175027
175043
175048
175054
175085
175104
175106
175107
175108
175128
175145
175174
175198
175203
175213
175214
17525
17526
175269
175275
175281
175305
175335
175363
175368
175385
175409
17543
175466
175477
175478
175479
175480
175481
175506
175525
175528
17553
175552
175570
175578
175594
175611
175619
175626
17563
175644
175647
175671
175672
175676
175677
175682
17569
175720
175726
175754
175777
175807
175817
175869
175947
175951
175967
175973
175992
176019
176020
176040
176068
176075
176078
176121
176126
176134
176144
176150
176159
176160
176169
176170
176171
176188
176202
176254
176282
176285
176287
176305
176314
176357
17637
176381
176386
176390
176392
176400
176401
176402
176409
176411
176455
176461
176470
176474
176494
176498
176526
176574
17660
176604
176617
176636
176649
176713
176717
176728
17674
176761
176762
17678
176798
176811
176817
176826
176827
176844
17686
176917
176923
176938
176982
177018
177044
177076
177095
177097
177110
177113
177129
177177
17719
177225
177229
177279
177301
177302
177307
177318
177323
177388
177389
177396
177397
177406
177408
177411
177415
177439
177544
177550
177551
177572
177575
177585
177589
177604
177617
177692
177722
177831
177838
177893
177912
177913
177943
177955
177977
177993
178002
178018
178076
178122
178123
178143
178145
178187
178204
178213
178230
178275
178277
178279
178280
178281
178282
178313
178400
178406
178407
178412
17842
17844
178463
178466
178467
178505
178511
178537
178592
17868
178685
178746
178750
178773
178803
178822
178839
178865
178879
178883
178884
178885
178886
178980
179001
179004
179030
179035
179051
179056
179071
179079
179089
179090
179108
179111
179115
179123
179126
179137
179140
179149
17915
179159
179160
179175
179207
179217
179253
179254
179280
179281
179287
179298
179299
179314
179324
179328
179330
179346
179356
179391
179398
179414
179416
179422
179425
179427
179428
179431
179432
179433
179434
179435
179436
179438
179442
179455
179459
179460
179483
179489
179532
179564
179586
179587
179605
179644
179654
179663
179676
179687
179688
179690
179696
179783
179850
179901
179916
179931
179932
179950
179995
180
180004
180008
180009
180013
180026
180032
180054
180055
180059
180073
180074
180080
180098
180142
180145
180160
180161
180163
180170
180178
180182
180190
180211
180223
180224
180251
180252
180254
180257
180282
180315
180375
180377
180398
180400
180401
180405
180414
180442
180459
180464
180488
180511
18054
180615
180617
180681
180691
180703
180705
180740
180774
180781
180880
180885
180932
180942
180943
181006
181008
181021
181047
181052
181066
181067
181129
181148
181152
181157
181168
181182
18120
181233
181247
181249
181259
181277
181344
181360
181363
181368
181373
181385
181415
181419
181422
181424
181440
181443
181486
181487
181490
181545
181551
181586
181594
18160
181625
181642
181703
181742
181781
181787
181794
181802
181807
181818
181819
181820
181823
181837
181838
181841
181842
181845
181857
181870
181881
181907
181909
181933
181935
181937
181938
181941
181950
181951
181954
181987
182009
182028
182068
182070
182071
182072
18208
182087
182103
182139
182180
18219
182190
182191
182200
182211
182212
182221
182225
182231
182233
182242
182274
182290
182308
182310
182326
182340
182357
182385
182406
182417
182421
182422
182424
182427
182431
182473
182480
182481
182491
182495
182498
182505
182511
182531
182532
18254
182541
182543
182560
182566
182571
182577
182605
18266
182687
182722
182727
182756
182757
182758
182762
182767
182776
182784
182846
182847
182849
182850
182867
182890
182903
182924
182925
182962
182967
182972
183016
183024
183025
183041
183051
183056
183077
183089
18310
18314
183192
183206
183212
183234
183243
183245
183250
183251
183252
183264
183268
18327
183279
183280
18332
183320
18334
183342
183344
183368
183414
183415
183464
183467
183470
183522
183532
183539
183546
183567
18358
183595
183614
18362
183629
183630
18365
183665
183697
183702
183704
183720
183729
183752
183755
183779
183792
183795
183803
183804
183812
183829
183831
183834
183859
183879
183908
18395
184011
184029
184066
184105
184110
184112
184166
184172
184173
184198
184204
184209
184223
184238
184288
184306
184310
184311
184312
184313
184314
184316
184317
184320
184326
184327
184328
184334
184339
184356
184357
184358
184364
184366
184376
184386
184387
184478
184487
184489
18452
18456
184578
184657
18472
184750
184751
184752
184775
184831
184838
184908
184940
184950
184954
184979
184981
184995
185021
185033
185044
185045
185046
185054
185061
185087
185092
185101
185118
185147
185154
185156
185166
185178
185184
185241
185261
185267
18530
185309
185314
185320
185321
18536
185363
185427
185435
185436
185475
185479
185504
185517
185538
185581
185592
185609
185617
18562
185621
185635
18565
185655
185660
185671
185687
185701
185714
18572
18574
185813
185829
185861
185862
185884
185897
185915
185917
185925
185926
185947
185951
185952
185955
185984
186022
186055
186067
186070
186092
186109
186111
186112
186114
186117
186120
186132
186169
186212
186216
186231
186263
186294
186299
186302
186329
186336
18634
186342
186351
18636
186391
186480
186498
1865
186518
18653
18661
186611
186617
186618
186637
186639
186717
186720
18673
186736
186738
186749
186758
186799
186801
186803
186837
186841
186851
186852
186859
18690
186911
186942
18696
18697
186978
18699
187009
187019
187021
187026
187027
187033
187035
187039
187042
187047
187060
187068
187069
187085
187086
187089
187092
187102
187104
187105
187107
187161
187173
187186
187192
187195
18720
187206
187219
187222
18723
187254
187262
187266
187270
187278
187284
187294
187296
18732
187325
18734
18743
187445
187449
187454
187455
187457
187458
187483
187513
187529
187530
187531
187533
18756
187565
187566
187579
187587
187602
18763
187644
187648
187652
187678
187724
187732
187772
187786
187801
187804
187811
18782
187834
187841
187845
187858
187861
187877
187885
187891
187898
187936
187943
187965
187971
187975
18798
188008
188009
188016
188021
188030
18804
188041
188053
188076
188077
188080
188086
188114
188117
188138
188142
188150
18816
188170
188171
188172
188175
188177
1882
188208
188209
188213
188226
188236
188247
188254
188262
188270
188283
188328
188335
188357
188363
188375
188376
188377
188394
188423
188434
188437
188441
188443
188446
188448
188465
188474
188477
188478
188483
18851
18852
188535
18857
188571
188585
1886
188609
188625
188628
188629
188631
188644
188666
188670
188671
188673
188682
188697
188698
188714
188715
188717
18875
188770
188794
18880
188804
188816
188821
188829
188835
188858
18886
188878
188879
188882
188886
188895
188898
18890
188900
188908
188915
188921
188928
188931
188936
188942
188943
188945
188947
188965
188973
189002
189021
189032
189033
189045
189049
189052
189055
189056
189058
18908
189084
18909
189090
189091
189097
189111
189112
189120
189142
189150
189157
189163
189188
189190
189216
18922
189223
189227
18923
189231
189242
189253
189257
189269
18927
18928
18930
189304
189336
189358
189380
189395
189396
189398
189410
18943
189447
189450
189451
189453
189454
189457
189458
18946
189492
189493
189494
189496
189513
189515
189556
18957
18959
18961
189629
189638
189651
189652
189653
189654
189656
189668
189690
189731
189749
189759
189765
189777
189839
189840
189941
189947
190011
190013
190019
190041
19008
190097
190099
190101
190106
19011
190111
190151
190154
190156
190188
190198
190244
19025
190257
190264
190266
190268
19029
190298
190302
190311
190324
190337
190361
190362
190363
19042
190484
190512
190514
190518
190595
190605
190623
190633
190635
190636
190650
190657
190678
19068
190712
190775
190778
190781
190783
190788
190797
190856
190866
190869
19088
190881
19090
190901
190902
190903
190969
190977
19099
190999
191004
191005
191006
191007
191008
191009
19102
191025
19104
191094
191110
191113
19113
191135
191137
191154
191174
191181
191197
191200
191204
191208
191217
191230
191242
191244
191248
19126
191271
191272
191273
191278
191284
191307
191310
191311
191317
191318
191341
19136
19137
191373
19139
191392
1914
191418
191427
191431
191447
191489
191491
191513
191516
191527
191528
191541
191546
191547
191562
191563
191567
191576
19174
19189
19193
19200
19206
192069
192070
192091
192099
19210
192101
192120
192121
19214
192165
19217
192171
192173
192186
192189
192193
192200
192202
192207
192245
19227
192283
192293
192297
192301
192341
192350
192360
192365
192398
192420
192428
192460
192468
192482
192487
19249
192493
192544
192549
192562
192563
192566
192599
192619
192625
192627
192630
192667
192682
192719
192725
192727
192728
192779
192782
192784
19279
192802
192856
192857
192863
192869
192893
192895
192907
192919
192928
192977
192985
19299
193017
193020
193029
193048
193050
193056
193104
193139
193153
1934
193494
193944
193945
193972
193979
193982
193991
194000
194003
194018
194027
194034
194071
194090
1941
194102
194103
194130
194141
194157
194181
194183
194189
194203
194215
194229
194235
194243
194244
194271
194272
194284
19429
194313
194317
194330
1944
194721
194727
194797
194824
194849
194851
194854
194859
194879
194899
194908
194914
194918
194942
194950
194976
194993
195037
195040
195088
195096
195117
195157
195166
195176
195179
195198
195222
195263
195319
195335
195365
195371
195396
195416
195425
195452
195459
195475
195480
195501
195513
195530
195582
195610
195611
195640
195648
195653
195659
195718
195728
195763
195780
195782
195803
195808
195809
195810
195812
195813
195836
195882
195886
195893
195916
19593
195985
19602
196062
196063
196064
196074
196091
196096
196148
196240
196299
196372
196386
196397
196405
196409
196416
196491
196496
196509
196513
196553
196614
196631
196632
19667
196740
196751
196775
196776
196820
196827
196829
196847
19686
196887
196903
196904
196911
196969
196980
197004
197020
197021
197036
197038
197085
197087
197089
197100
197102
197110
197111
197113
197114
197116
197134
197135
197148
197165
197178
197182
197186
197221
197276
197349
197350
197352
197374
197381
197390
197411
197432
197500
197514
197520
197544
197546
197589
197602
197612
197613
197633
197634
197636
197637
197653
197678
197679
197680
197682
197683
197685
197686
197687
197710
197712
197713
19773
197734
197741
197748
197786
197789
197791
197798
197841
197850
197852
197860
197870
197871
197872
197876
197897
197900
197919
197936
197963
197974
197995
197996
198001
198011
198040
198044
198064
198073
198074
198095
198155
198179
198183
19820
198201
198206
198209
198235
198258
198295
198357
198362
198366
198378
198386
198389
198394
198398
198400
198406
198441
198450
198471
198481
198494
198514
198520
198541
198545
198568
198603
198632
198638
198640
198642
198657
198659
198680
198682
198720
198728
198748
198757
198768
198769
198781
198788
198837
19884
198849
198850
198851
198864
198918
198939
198953
198958
198970
198998
199041
199045
199048
199051
199059
199061
199073
199085
19910
199106
199131
199143
199155
199166
199195
199200
199203
199204
199206
199209
199214
199241
199266
199273
199281
199283
19930
199309
19932
199361
199366
199367
199371
199393
199395
199412
199422
199423
199442
199464
199466
19953
199544
199546
199562
199569
199573
199599
199601
199625
199643
199669
199691
199695
199697
19971
199717
19973
199768
199791
199798
199910
199929
199936
199949
199952
199982
199984
200012
200055
200058
200062
200090
200137
200154
200161
200178
200305
200309
200333
200340
200341
200342
200346
200349
200378
200379
200381
200384
200385
200387
200388
200389
200390
200443
200454
200456
200457
200465
200483
20053
20055
200555
200585
200593
200635
200640
200654
200663
200691
200694
200703
200704
200707
200710
200712
200717
200731
200744
200745
200747
200761
200794
200844
200846
200848
20085
200862
200882
200883
200910
200930
200933
200940
200941
200973
200978
201015
201022
201035
201045
201080
201121
201125
201126
201143
201146
201151
201160
201161
201189
201211
201213
201267
201292
201305
201310
201318
201324
201326
201331
201360
201366
201394
201412
201434
20144
201460
20147
201499
201516
201540
201545
201549
201649
201681
201708
201725
201727
201736
201737
201738
201739
201742
201743
201758
201771
201820
20184
201861
201871
20188
201901
201903
201920
201928
201983
201989
202031
202033
202056
202058
202072
202075
202086
202103
202104
202122
202126
202150
202152
202155
202157
202166
202183
202200
202235
202260
202277
202280
202281
202282
202283
202289
202292
202293
202294
202296
202298
202299
202301
202308
202335
202341
202343
202349
202363
202367
202373
202391
202422
202426
202435
202439
202443
202446
202468
202489
202492
202508
202537
202553
202557
202565
202576
202577
202578
202584
202587
202607
202637
202638
202692
202708
202710
202715
202721
202722
202723
202729
202774
202775
202778
202783
202789
202818
202819
202869
202875
202877
202888
202920
202957
202958
202964
202969
202979
202988
203029
203031
203068
203069
203073
203099
203100
203101
203146
203147
203150
203187
203204
203209
203216
203217
203245
203246
203247
203252
203268
203283
203307
203346
203359
203372
203373
203423
203427
203436
203446
203448
203526
203562
203609
20368
203706
203749
203760
203763
203765
203775
203814
203849
203850
203851
203887
203889
203897
203899
203906
203917
203940
203944
203973
204017
204029
204044
204094
204115
204131
204132
204180
204184
204185
204187
204201
204202
204208
204212
204213
204227
204229
204239
204245
204247
204254
204261
204300
204312
204330
204345
204354
204355
204361
204391
204406
204433
204468
204496
204547
204572
204585
204586
204588
204589
204599
204609
204631
204632
204661
204729
204731
204745
204777
204784
204786
204789
204802
204804
204827
204828
204852
204867
204888
204911
204922
204933
204934
204940
204941
204947
204948
204969
204978
204984
205017
205023
205032
205039
205040
205070
205078
205131
205143
205157
205158
205159
205162
205166
205167
205174
205215
205233
205250
205266
205287
205299
205322
205328
205332
205363
205373
205377
205420
205423
205450
205457
205459
205463
205500
205506
205509
205540
205544
205548
205569
205643
205673
205685
205687
205701
205702
205703
205721
20573
205756
205773
205780
205846
205871
205879
205882
205900
205901
205912
205946
205968
205976
205983
206011
206016
206022
206025
206026
206027
206046
206051
206054
206086
206117
206145
206153
206155
20616
206188
206237
206242
206267
206270
206284
206305
206320
206323
206330
206347
206369
206376
206416
206417
206447
206472
206481
206495
206531
206535
206536
206542
206548
206549
20656
206580
206592
206596
206631
206703
206704
206705
206707
206713
206715
206716
206717
206719
206753
206754
206781
206800
20689
206902
206906
206930
206931
206964
206968
206969
206975
207001
207002
207015
207048
207049
207060
207086
207087
207091
207116
207147
207158
207170
207189
207198
207204
207234
20724
207245
207268
207283
207297
20730
207315
207340
207344
207368
207437
207471
207478
207483
207487
207502
207558
207572
207584
207607
207619
207639
207651
207672
207686
207687
207712
207715
20772
207720
207734
207737
207747
207805
207811
207817
20783
207839
207865
207896
207909
207913
207931
207932
207934
207954
207972
207985
207997
20802
208031
208032
208033
208067
208071
208072
208074
208079
208096
208145
208149
208151
208157
208162
208231
208239
208261
208276
208297
208301
208304
208306
208307
208308
208330
208331
20835
208358
20836
208363
208365
208370
208522
208532
208538
208575
208586
208590
208644
208645
208694
208702
208704
208712
208737
208749
20883
208833
208843
208857
208863
208868
208894
20896
208991
209027
209029
209034
209035
209036
209037
209038
209039
209076
209077
209085
209123
209124
209131
209142
209144
209190
209192
209194
209223
209273
209275
20928
209294
209295
209303
209304
209309
20937
209383
209397
20940
209418
209425
209429
209465
209473
209494
209547
209567
209579
20968
209693
209807
209812
209827
209828
209846
209881
209894
209909
209938
209954
209977
209978
209979
209984
21001
210019
210025
210044
210051
210064
21007
210075
210084
210091
210142
210217
210218
210221
210313
210332
210360
210391
210396
210398
210459
210460
210461
210497
21052
21053
210610
210611
210706
210717
210802
210814
210826
210844
21087
210873
210895
210913
21093
210935
210956
210974
210988
210990
21135
21146
21147
21154
21183
21244
21299
21308
21313
21329
21332
21349
21373
21413
21416
21422
21427
21432
21475
21701
21703
21740
21756
21781
21805
21839
21930
21938
21952
21974
22047
22084
22114
22135
22136
22141
22218
22219
22234
2225
22315
2235
22396
22481
22502
2268
227
2276
22821
22838
22877
22883
22933
2295
22969
22998
23003
23006
2301
2304
23069
2310
2313
23153
23157
23160
23186
2329
23317
2333
23354
23355
23453
235
23514
23530
23560
23574
23577
23636
23645
23666
23683
23697
23725
23732
23748
23758
23766
23770
23774
23783
23817
23820
23824
23825
23836
23924
23934
23945
23968
2397
23976
2402
24052
24055
24071
24091
24094
24101
24147
24168
24177
24196
24209
2422
24234
24237
24243
24256
24334
24341
24343
24368
24379
24388
24390
24395
24400
24401
24406
24429
24431
24442
24453
24455
24457
2448
24483
24492
24493
24500
24515
24529
24532
24552
24558
24582
24670
24673
24683
24713
24725
24735
24748
24759
24771
24829
24833
24856
24861
24866
24908
24917
24918
24926
24927
24951
24964
24965
24973
24975
24977
24990
24997
25000
25003
25013
25057
25064
25078
25164
25191
25196
25226
25246
25257
25389
25406
25451
2546
2551
25580
25589
25652
25655
25685
25706
2580
25820
25878
25895
25924
25954
26013
26023
26026
26104
26113
26117
26121
26129
26169
26206
26213
26230
26233
26237
26256
26278
26311
26313
26335
26366
26376
26384
26387
26413
26427
26445
26450
2647
26532
26640
26643
26739
26745
26757
26758
26763
26804
26805
26828
26833
26834
26839
26847
26852
26853
26915
26932
26936
26937
26940
26945
26966
26980
26982
27003
27033
27035
27044
27049
27051
27066
27070
27075
27098
27119
27145
27160
2717
27178
272
2721
27237
27321
27322
27323
27330
2741
27491
275
27522
27531
27538
27563
27570
27580
27609
27691
27705
2778
279
2794
280
28003
28046
28082
2815
282
2822
28351
28373
28381
28391
28395
284
28406
28407
28439
28440
28446
28468
2847
28507
28547
28571
28600
287
28712
28717
28756
28761
28804
28899
28902
28907
28936
28970
28993
29012
29021
29028
2904
29054
2909
29099
29105
29118
29132
29138
2916
29221
29297
29329
29394
29489
2950
29729
29762
2977
29788
2979
29893
299
29997
30022
30051
30065
30091
30093
30099
30131
30158
30226
30251
30277
30300
30303
3032
3035
30436
3048
3055
3058
30623
30627
30643
30668
307
30717
3072
30731
30757
3078
30849
30895
30927
3095
30972
30997
31046
31076
31077
31106
31127
31170
31218
31255
31315
31432
31439
31445
3148
31675
31682
31720
31764
31773
31814
31815
3183
31964
31980
3214
32148
32150
32165
32185
32195
32207
32226
32258
32318
32331
32338
3234
32364
32365
32486
32498
3260
32691
3276
32813
32842
32864
3287
32882
3289
32901
3294
32951
32977
3308
3317
3323
33235
33259
3327
3333
33347
33394
33405
3344
33462
33527
33544
33554
3356
3360
3362
33625
3374
33769
33872
33874
3388
34004
34006
34020
34086
34096
34236
34261
34288
3429
34294
3433
3434
3436
34382
3439
34467
34511
34578
34599
34660
3467
34713
3473
34790
34886
34999
3504
3514
35173
35222
35228
3524
35334
35337
355
3550
3551
35529
3559
35631
35759
35791
35795
361
3610
36235
36237
36242
36282
36285
36321
36427
36460
36461
3654
36544
36545
36694
36717
36781
36782
36791
36874
3692
37003
37013
3706
37158
3732
37328
37335
37443
37446
37488
37508
3770
37702
37703
37707
37746
37791
3791
37952
3797
38060
38093
38130
38131
3815
38229
3835
38368
38399
3852
386
38603
38642
38661
38681
38686
38697
38725
38742
38760
38763
38765
38768
38803
38900
38934
38998
39003
39018
39114
3914
39185
39235
39248
3926
3931
39314
39342
39354
39391
3942
39563
39603
39648
3965
39670
3972
39738
39739
39748
39876
39917
39949
39955
39957
40042
40054
40055
40083
40095
40096
4012
4031
40333
4038
40494
40622
40642
4065
40722
40752
40790
40818
4083
409
40907
4091
4092
40927
41001
41022
41023
41075
41089
4113
4133
414
4146
41677
41686
41784
41899
42116
42187
42326
42334
4240
42429
42441
42470
4248
42484
42599
4271
4276
4283
42858
42863
42881
42923
42939
42953
4303
4306
43086
43090
431
43103
43144
4316
43183
4320
43206
43215
43232
43257
43268
4328
43302
43364
43375
43381
4340
43408
43412
43497
43544
43546
4356
43604
43637
43652
43730
43821
43894
43899
43950
43989
44022
44025
4404
44044
44073
44108
44112
44118
44224
44280
4430
4431
44321
44344
4435
44379
44387
44431
44493
4450
44536
44553
44685
4471
44712
44781
44782
44791
44830
44831
44832
44986
45016
45018
45114
45131
45169
45185
45191
45237
45246
45286
45287
45328
45329
4534
45346
45358
45397
454
45405
45421
45431
45434
45577
45586
45595
45607
45691
45762
45765
45771
45772
45777
45784
45796
45813
46104
46108
46128
46151
46171
46285
46312
46443
46446
46621
46631
4666
46660
46662
46668
46672
4682
46825
46837
46848
46851
46856
4687
46906
46976
46992
4703
47099
47122
4713
47167
47184
47211
47302
47334
47340
47350
47400
47413
47469
47611
47703
47764
47779
47781
47811
47851
47854
47956
47964
48039
48048
48060
4808
48156
48173
48174
48199
48223
4823
48240
48251
4828
48292
48297
48311
48371
4838
48383
48388
48440
48451
48466
48467
4847
48506
48511
4852
4854
48572
48574
48594
4860
48611
48641
48668
48670
48672
4870
48715
48755
48801
48806
48840
48863
4887
48924
48941
48948
48993
48999
49034
49037
49039
49102
49123
4924
49260
4927
49284
4931
4933
49345
49347
49357
4936
494
49419
49435
49440
49441
49443
49481
49500
49503
49508
49514
49601
49609
4961
49612
49642
49674
49697
49700
49717
4976
49774
49785
49786
49824
49845
49854
49859
49900
49910
49930
49937
49939
49962
49964
49971
49972
49977
49986
49991
50001
5010
50110
50111
50196
50202
5022
50224
50225
50241
50249
50277
50278
50308
5031
50313
50330
5034
50413
5046
50473
50477
50499
50516
50556
50574
50656
50665
5077
50797
50820
50833
50836
50849
50878
5091
50979
51067
51074
51078
5108
51116
51123
51134
5116
51167
51247
51286
51295
51305
5132
51366
51379
51381
51385
5143
51498
51565
51567
51594
51642
51648
51663
51689
5170
51717
51719
51725
51779
51781
51784
51856
51876
5188
51880
51883
5189
51972
51973
52036
52047
52052
52059
52079
52082
52131
5226
5230
52300
52301
52303
52307
5231
52321
52350
5242
52445
52470
52478
52492
52501
52503
5255
52589
52609
52658
5268
52756
52759
52775
52794
5281
52839
52878
5291
52930
52936
52937
52964
52999
53009
53010
5303
53039
53051
53066
53074
5308
53099
53174
5318
5319
53248
53287
53296
53302
53340
5335
53357
5337
5346
53495
53497
53540
53582
53588
53611
5363
53662
5368
53680
53692
53725
53734
53742
53755
53766
5380
5382
53905
53918
53923
5398
53989
54029
54061
54071
54098
54099
54139
5416
54160
5418
54381
54383
54467
54536
5456
5461
5463
54630
54678
547
54722
54747
54766
5486
54860
54865
54972
54995
55005
5503
55074
55077
55083
55087
55140
55207
55217
55230
5526
55270
5528
55334
55344
55346
55354
5539
55407
55420
55469
55491
55511
55512
55521
55530
55541
5555
55568
5557
55587
55589
55601
55605
55613
55623
55632
5566
55677
55731
55732
55736
5574
55762
55775
55797
55825
55826
5586
55874
55893
55915
55923
55936
55970
55978
55982
56009
56017
56041
56043
56048
56055
56060
56083
56090
56100
56108
56110
56124
5614
56148
56150
56155
56159
56172
56174
56176
56243
56265
5632
5634
56371
56374
56481
56543
56546
56564
56638
56702
56717
56728
5673
56734
56749
56751
56807
56808
5693
57012
57052
57058
5706
57077
57095
57173
5725
57302
57320
57348
5737
57441
57476
5753
57624
5764
57641
57642
57689
57760
57768
57798
57825
57827
57840
57841
57848
5785
57873
57897
579
57919
57920
57941
57942
57944
57945
57960
57963
5800
58093
